image_width: 640
image_height: 480
camera_name: head_camera
camera_matrix:
  rows: 3
  cols: 3
  data: [476.437121, 0.000000, 327.822153, 0.000000, 475.466603, 256.489387, 0.000000, 0.000000, 1.000000]
distortion_model: plumb_bob
distortion_coefficients:
  rows: 1
  cols: 5
  data: [-0.379899, 0.160674, -0.000401, 0.003049, 0.000000]
rectification_matrix:
  rows: 3
  cols: 3
  data: [1.000000, 0.000000, 0.000000, 0.000000, 1.000000, 0.000000, 0.000000, 0.000000, 1.000000]
projection_matrix:
  rows: 3
  cols: 4
  data: [388.468323, 0.000000, 334.676653, 0.000000, 0.000000, 424.897766, 260.282228, 0.000000, 0.000000, 0.000000, 1.000000, 0.000000]