image_width: 640
image_height: 480
camera_name: head_camera
camera_matrix:
  rows: 3
  cols: 3
  data: [717.230756, 0.000000, 325.259730, 0.000000, 716.095265, 233.553943, 0.000000, 0.000000, 1.000000]
distortion_model: plumb_bob
distortion_coefficients:
  rows: 1
  cols: 5
  data: [-0.166037, 0.244316, 0.001897, 0.003222, 0.000000]
rectification_matrix:
  rows: 3
  cols: 3
  data: [1.000000, 0.000000, 0.000000, 0.000000, 1.000000, 0.000000, 0.000000, 0.000000, 1.000000]
projection_matrix:
  rows: 3
  cols: 4
  data: [699.878235, 0.000000, 326.897101, 0.000000, 0.000000, 704.675842, 233.868493, 0.000000, 0.000000, 0.000000, 1.000000, 0.000000]