  image_width: 640
  image_height: 480
  camera_name: head_camera
  camera_matrix:
    rows: 3
    cols: 3
    data: [468.022437, 0.000000, 329.063542, 0.000000, 467.144374, 255.369939, 0.000000, 0.000000, 1.000000]
  distortion_model: plumb_bob
  distortion_coefficients:
    rows: 1
    cols: 5
    data: [-0.393001, 0.212729, 0.000848, 0.001276, 0.000000]
  rectification_matrix:
    rows: 3
    cols: 3
    data: [1.000000, 0.000000, 0.000000, 0.000000, 1.000000, 0.000000, 0.000000, 0.000000, 1.000000]
  projection_matrix:
    rows: 3
    cols: 4
    data: [389.701202, 0.000000, 331.868728, 0.000000, 0.000000, 416.479126, 259.349411, 0.000000, 0.000000, 0.000000, 1.000000, 0.000000]
