    ur3_ar_info0: [0.0421213870483,0.0874011040768,1.03943779417,0.740473176327,0.667446460789,-0.0755794664209,-0.0224152041267]
    ur3_info0 : [ 84.54, -123.64, -77.61, 99.27, -95.62, 89.89]
    ur3_ar_info1 : [0.0157186466469,0.0125642261407,1.03597251487,0.916487103483,0.395640941547,-0.000559889273397,-0.0593238657338]
    ur3_info1 : [84.54, -123.65, -71.86, 93.45, -133.30, 89.90]
    ur3_ar_info2 : [-0.167303393021,-0.150771192033,0.961326484099,0.539058269278,0.828655530331,0.145259685287,-0.0405686850349]
    ur3_info2 : [97.46, -123.64, -73.91, 104.29, -67.86, 89.88]