X:
- [0.3621224008062872, 0.1631462841754305, 2.0316245154905452, 0.0708535039488994]
- [-2.032575054578439, -0.12078375043963385, 0.34916628318841114, -0.15057302318986615]
- [-0.13626808456396977, -1.0024297741215178, 0.10118718991194883, 0.613022656663823]
- [0.0, 0.0, 0.0, 1.0]
focal_length: 0.9958163
ins_matrix: [988.399069, 0.0, 313.409913, 0.0, 991.344079, 250.15086, 0.0, 0.0, 1.0]
kx: 988.399069
ky: 991.344079
u0: 313.409913
v0: 250.15086
